4
6
19
26
33
39
44
61
64
65
84
85
89
90
96
97
100
101
108
112
115
116
121
134
137
139
143
144
150
154
159
162
166
179
184
189
193
196
197
198
199
200
201
219
222
224
232
239
250
251
258
263
265
267
273
276
280
285
287
303
321
325
326
338
347
352
354
357
358
364
365
369
371
373
377
378
386
405
412
417
418
421
424
426
427
432
435
440
445
447
449
452
456
463
469
471
473
477
482
484
486
490
501
504
524
542
551
555
558
560
566
571
575
578
582
587
589
590
591
597
603
607
613
615
616
617
619
622
626
628
632
640
649
650
651
657
658
662
663
667
668
673
678
682
683
684
690
693
695
697
705
721
724
731
738
742
750
752
755
764
765
772
773
774
775
777
778
779
780
781
785
792
803
809
822
823
824
829
840
848
849
862
863
869
885
887
902
903
906
909
922
927
935
952
958
959
968
977
981
983
999
1001
1005
1013
1019
1021
1022
1023
1025
1031
1037
1040
1054
1060
1066
1071
1086
1094
1097
1098
1100
1104
1110
1111
1114
1116
1136
1139
1142
1155
1167
1174
1183
1188
1190
1191
1203
1206
1214
1215
1216
1217
1237
1238
1241
1244
1245
1248
1251
1262
1272
1275
1284
1285
1287
1289
1292
1301
1305
1309
1312
1313
1325
1330
1334
1336
1351
1353
1359
1360
1373
1377
1381
1383
1385
1394
1400
1425
1429
1431
1433
1436
1439
1442
1446
1447
1451
1455
1458
1463
1485
1490
1493
1496
1499
1507
1510
1514
1516
1517
1530
1540
1544
1548
1551
1555
1557
1560
1567
1569
1582
1583
1585
1597
1600
1601
1602
1605
1606
1612
1615
1636
1637
1642
1651
1652
1664
1669
1674
1677
1679
1680
1689
1706
1709
1713
1717
1723
1724
1725
1727
1732
1742
1745
1752
1753
1755
1761
1769
1775
1782
1787
1792
1793
1798
1806
1817
1822
1824
1825
1828
1834
1837
1840
1845
1850
1859
1860
1863
1867
1868
1870
1871
1872
1879
1880
1890
1892
1893
1898
1908
1910
1913
1925
1927
1928
1929
1931
1938
1941
1956
1960
1962
1966
1969
1983
1985
1987
1998
2007
2009
2010
2013
2016
2029
2031
2034
2036
2058
2060
2073
2076
2080
2082
2086
2092
2094
2112
2134
2150
2152
2153
2165
2166
2172
2174
2187
2191
2193
2202
2205
2206
2207
2211
2215
2218
2223
2228
2232
2234
2235
2237
2240
2246
2249
2252
2257
2261
2266
2267
2275
2283
2284
2286
2289
2295
2296
2297
2300
2303
2304
2320
2346
2352
2371
2372
2373
2385
2388
2399
2410
2412
2417
2448
2466
2473
2479
2483
2484
2489
2490
2493
2497
2498
2499
2500
2506
2510
2516
2521
2522
2526
2532
2534
2539
2545
2548
2554
2555
2563
2569
2576
2584
2588
2589
2592
2603
2604
2610
2615
2616
2629
2635
2639
2640
2643
2649
2651
2655
2657
2658
2659
2665
2672
2679
2680
2687
2688
2693
2704
2708
2714
2715
2731
2733
2735
2737
2744
2748
2754
2756
2757
2767
2778
2779
2780
2787
2788
2795
2796
2797
2801
2810
2814
2827
2831
2849
2850
2857
2866
2867
2874
2875
2881
2883
2886
2889
2893
2895
2899
2902
2906
2907
2918
2922
2923
2932
2935
2937
2938
2944
2959
2960
2963
2968
2974
2977
2988
2996
3004
3019
3021
3022
3023
3028
3032
3034
3036
3041
3044
3049
3052
3060
3061
3062
3063
3074
3075
3081
3082
3086
3088
3090
3100
3102
3104
3113
3115
3122
3125
3128
3129
3136
3141
3148
3157
3160
3165
3171
3172
3173
3176
3181
3182
3186
3190
3192
3193
3197
3198
3201
3229
3230
3242
3248
3250
3264
3270
3275
3280
3281
3294
3305
3308
3311
3321
3324
3330
3331
3334
3343
3357
3367
3369
3372
3376
3382
3386
3408
3411
3413
3423
3427
3438
3442
3454
3456
3457
3459
3461
3464
3469
3476
3478
3486
3487
3495
3506
3507
3513
3517
3519
3526
3531
3535
3538
3539
3552
3553
3555
3557
3563
3580
3584
3587
3590
3591
3593
3594
3597
3606
3608
3609
3617
3626
3628
3631
3634
3635
3636
3638
3640
3654
3661
3662
3665
3667
3674
3676
3681
3684
3687
3688
3693
3695
3709
3715
3719
3727
3732
3739
3742
3751
3752
3762
3765
3769
3774
3775
3788
3800
3812
3813
3815
3822
3824
3830
3837
3842
3844
3847
3852
3856
3857
3860
3864
3865
3869
3871
3880
3881
3882
3885
3891
3895
3896
3901
3903
3909
3910
3922
3923
3928
3932
3933
3942
3944
3948
3949
3950
3951
3962
3965
3966
3967
3972
3977
3984
3997
3998
4000
4002
4004
4006
4009
4016
4026
4027
4037
4038
4043
4051
4052
4053
4054
4055
4059
4063
4065
4067
4072
4076
4078
4081
4090
4096
4111
4113
4116
4122
4124
4129
4132
4133
4138
4139
4142
4143
4165
4181
4194
4197
4198
4199
4202
4209
4210
4211
4217
4218
4219
4221
4230
4233
4241
4246
4253
4266
4269
4271
4277
4279
4285
4286
4287
4288
4292
4302
4311
4312
4314
4323
4325
4332
4334
4336
4339
4343
4363
4368
4371
4372
4377
4378
4381
4382
4385
4393
4407
4408
4410
4414
4417
4439
4440
4451
4461
4463
4466
4468
4469
4480
4489
4490
4501
4502
4504
4505
4520
4526
4533
4536
4539
4541
4557
4558
4564
4567
4575
4579
4581
4583
4596
4600
4602
4603
4607
4617
4621
4622
4627
4631
4649
4653
4658
4674
4691
4699
4700
4705
4706
4709
4712
4716
4722
4723
4724
4729
4731
4736
4737
4738
4745
4757
4758
4769
4776
4784
4786
4790
4792
4793
4798
4803
4806
4811
4820
4825
4829
4831
4837
4838
4847
4856
4862
4871
4874
4878
4884
4887
4895
4898
4907
4913
4917
4922
4923
4926
4927
4931
4938
4940
4946
4962
4969
4981
4987
4994
4997
4998
