7
9
22
34
36
42
47
64
67
68
74
85
87
88
92
93
99
100
103
104
115
118
119
124
128
137
140
142
146
148
153
157
163
165
169
182
186
187
196
199
200
201
202
203
204
219
222
225
235
240
242
249
252
253
255
261
268
276
283
288
290
305
306
315
324
328
329
341
343
350
355
357
361
363
367
368
371
372
376
377
381
386
389
415
420
424
427
429
432
438
443
448
450
452
459
466
472
475
485
487
492
493
495
504
507
521
528
547
554
558
563
569
578
579
581
585
590
592
593
594
600
606
610
618
619
620
622
625
629
633
637
643
644
649
652
653
660
661
665
666
671
676
680
681
685
687
688
696
698
699
700
707
708
716
745
755
758
767
768
776
777
778
780
781
782
784
788
795
806
812
826
827
829
832
840
843
846
852
855
861
865
866
872
883
884
896
898
906
909
912
925
930
938
947
955
956
958
961
962
980
984
986
991
993
997
1004
1008
1011
1016
1020
1022
1024
1025
1028
1034
1040
1043
1057
1063
1074
1078
1097
1098
1100
1103
1107
1114
1117
1119
1121
1142
1145
1147
1158
1160
1166
1167
1177
1191
1193
1194
1196
1197
1203
1206
1209
1217
1218
1219
1237
1240
1241
1244
1247
1252
1254
1255
1256
1259
1264
1265
1276
1278
1285
1287
1288
1289
1295
1303
1304
1307
1308
1312
1315
1316
1318
1328
1333
1337
1339
1342
1354
1356
1358
1360
1362
1363
1365
1376
1380
1384
1388
1393
1396
1403
1417
1419
1428
1432
1434
1436
1439
1442
1450
1454
1456
1458
1461
1466
1488
1493
1495
1496
1502
1510
1517
1531
1533
1534
1543
1554
1560
1563
1567
1570
1572
1586
1588
1603
1604
1605
1608
1609
1611
1614
1615
1618
1629
1639
1647
1651
1655
1668
1677
1681
1682
1683
1689
1692
1709
1710
1726
1727
1728
1730
1735
1745
1755
1756
1764
1778
1784
1790
1796
1820
1825
1827
1828
1831
1843
1848
1863
1870
1871
1873
1874
1875
1882
1883
1891
1893
1896
1901
1912
1916
1930
1931
1934
1935
1941
1944
1959
1963
1965
1967
1984
1985
1986
1988
1990
1993
1995
2001
2012
2013
2016
2019
2031
2032
2034
2037
2039
2053
2061
2063
2076
2083
2085
2089
2090
2115
2134
2137
2138
2153
2156
2177
2186
2190
2194
2196
2208
2209
2210
2218
2220
2221
2232
2237
2238
2243
2248
2249
2258
2260
2264
2269
2270
2287
2292
2299
2300
2303
2307
2319
2339
2359
2362
2367
2375
2376
2388
2390
2391
2395
2403
2408
2413
2415
2433
2440
2451
2453
2469
2476
2486
2490
2492
2493
2496
2500
2501
2508
2509
2513
2524
2525
2529
2531
2537
2548
2551
2558
2564
2566
2572
2573
2587
2592
2604
2606
2607
2613
2616
2618
2629
2632
2634
2637
2642
2643
2646
2652
2654
2655
2658
2661
2662
2668
2671
2682
2683
2687
2690
2691
2694
2696
2707
2714
2717
2718
2734
2736
2738
2739
2740
2747
2751
2757
2759
2760
2763
2765
2770
2779
2781
2782
2783
2790
2791
2796
2798
2799
2804
2813
2817
2834
2843
2852
2853
2869
2870
2872
2873
2883
2884
2886
2889
2892
2896
2902
2905
2918
2921
2925
2926
2927
2929
2935
2936
2938
2940
2947
2963
2966
2971
2972
2977
2979
2980
2985
2991
2996
3007
3009
3024
3025
3026
3031
3032
3035
3037
3039
3044
3047
3050
3052
3055
3063
3064
3065
3066
3077
3078
3084
3085
3086
3089
3091
3093
3103
3105
3107
3109
3125
3128
3131
3132
3138
3139
3144
3147
3151
3160
3168
3174
3175
3176
3178
3179
3195
3196
3201
3204
3216
3219
3232
3245
3260
3267
3273
3278
3283
3297
3305
3311
3314
3321
3324
3327
3333
3334
3337
3338
3345
3349
3352
3372
3379
3383
3411
3416
3426
3430
3441
3445
3457
3460
3462
3467
3469
3472
3476
3479
3480
3484
3489
3498
3505
3509
3510
3516
3520
3522
3529
3534
3538
3540
3542
3545
3555
3556
3558
3560
3566
3575
3583
3587
3593
3594
3599
3600
3606
3609
3611
3612
3620
3627
3629
3631
3637
3639
3641
3657
3660
3665
3670
3677
3679
3683
3687
3690
3691
3693
3696
3698
3716
3718
3722
3733
3735
3738
3742
3747
3754
3755
3759
3765
3768
3777
3778
3788
3791
3806
3815
3816
3818
3822
3825
3827
3833
3834
3840
3845
3847
3850
3855
3860
3861
3862
3867
3868
3874
3883
3884
3894
3898
3899
3904
3906
3913
3921
3925
3926
3931
3933
3935
3936
3945
3952
3954
3965
3969
3970
3971
3975
3980
3987
3989
3997
3998
4000
4001
4003
4007
4009
4013
4016
4019
4030
4032
4034
4040
4046
4054
4055
4057
4058
4066
4068
4075
4079
4081
4084
4093
4098
4099
4114
4116
4118
4127
4132
4135
4136
4138
4141
4142
4148
4163
4168
4175
4176
4197
4200
4202
4204
4205
4212
4213
4214
4220
4221
4222
4224
4233
4234
4244
4256
4264
4269
4272
4274
4280
4282
4288
4291
4314
4315
4317
4326
4328
4335
4337
4342
4345
4346
4351
4357
4362
4366
4371
4373
4374
4380
4381
4384
4388
4411
4413
4420
4443
4454
4456
4464
4466
4469
4471
4472
4475
4482
4483
4493
4504
4505
4507
4508
4510
4526
4529
4535
4540
4542
4544
4560
4567
4570
4575
4582
4584
4586
4599
4603
4606
4620
4625
4631
4635
4650
4652
4656
4661
4664
4677
4694
4703
4708
4712
4715
4719
4721
4725
4726
4727
4729
4731
4732
4733
4734
4739
4741
4748
4760
4761
4772
4777
4779
4786
4789
4795
4801
4806
4823
4828
4832
4834
4840
4841
4847
4850
4859
4865
4867
4874
4882
4887
4890
4898
4901
4906
4916
4920
4925
4926
4929
4934
4940
4941
4945
4946
4949
4950
4965
4968
4969
4982
4985
4990
4997
4999
5000